
8.4911e-05
8.4911e-05
8.4911e-05
0.0109534
0.0109534
0.0109534
8.4911e-05
0.00551917
0.0109534
0.00551917
0.0109534
0.0109534
0.0109534
0.0109534
8.4911e-05
8.4911e-05
8.4911e-05
0.00551917
8.4911e-05
8.4911e-05
0.0109534
0.0109534
0.0109534
0.0109534
0.0109534
8.4911e-05
8.4911e-05
0.0109534
8.4911e-05
0.00551917
0.0109534
8.4911e-05
8.4911e-05
0.00551917
0.0109534
8.4911e-05
0.0109534
0.0163877
0.0109534
0.0109534
0.0109534
0.0109534
8.4911e-05
0.0109534
0.0109534
0.0109534
0.0109534
0.0109534
8.4911e-05
0.0109534
0.0109534
0.0109534
8.4911e-05
8.4911e-05
8.4911e-05
8.4911e-05
0.0109534
0.0109534
0.0218221
0.0218221
0.0109534
0.0109534
8.4911e-05
8.4911e-05
-0.0107837
-0.0107837
-0.0107837
-0.0107837
-0.0107837
-0.00534937
8.4911e-05
0.0109534
0.0326905
0.076166
0.130509
0.173982
0.228325
0.222892
0.173983
0.0326908
-0.162944
-0.38032
-0.554203
-0.65203
-0.619421
-0.391186
-0.0216523
0.413092
0.782616
0.978256
0.967405
0.728277
0.337009
-0.11947
-0.499878
-0.738979
-0.82594
-0.749844
-0.499878
-0.146641
0.173983
0.396781
0.478311
0.440269
0.347874
0.206588
0.0652968
-0.0270868
-0.086864
-0.108603
-0.108603
-0.0977319
-0.086864
-0.0705609
-0.0651256
-0.0488239
-0.0216523
0.0163877
0.0435583
0.0707307
0.0870352
0.0815999
0.0652968
0.0381244
0.0109534
-0.00534937
-0.0216523
-0.0325221
-0.0325221
-0.0216523
-0.0107837
8.4911e-05
0.0109534
0.0109534
8.4911e-05
0.00551917
0.0109534
0.0163878
0.0218221
0.0272563
0.0218221
0.0218221
0.0218221
0.0109534
8.4911e-05
-0.00534937
-0.0107837
-0.0107837
-0.0107837
0.00551917
0.0326905
0.0326905
0.0326905
0.0326905
0.0218221
0.0218221
8.4911e-05
8.4911e-05
-0.0107837
-0.0107837
-0.0107837
0.0109534
0.0218221
0.0272563
0.0218221
0.0218221
0.0109534
0.0109534
8.4911e-05
8.4911e-05
-0.0107837
8.4911e-05
8.4911e-05
0.00551917
0.0109534
0.0109534
0.0109534
0.0163877
0.0109534
8.4911e-05
0.0109534
0.0109534
0.0109534
0.00551917
8.4911e-05
0.00551917
0.0109534
0.0163877
0.0109534
0.0109534
0.0109534
0.0109534
0.0109534
0.0109534
0.0109534
0.0109534
0.0109534
0.0109534
8.4911e-05
0.00551917