-8.920000e-07
-8.820000e-07
-8.720000e-07
-8.620000e-07
-8.520000e-07
-8.420000e-07
-8.320000e-07
-8.220000e-07
-8.120000e-07
-8.020000e-07
-7.920000e-07
-7.820000e-07
-7.720000e-07
-7.620000e-07
-7.520000e-07
-7.420000e-07
-7.320000e-07
-7.220000e-07
-7.120000e-07
-7.020000e-07
-6.920000e-07
-6.820000e-07
-6.720000e-07
-6.620000e-07
-6.520000e-07
-6.420000e-07
-6.320000e-07
-6.220000e-07
-6.120000e-07
-6.020000e-07
-5.920000e-07
-5.820000e-07
-5.720000e-07
-5.620000e-07
-5.520000e-07
-5.420000e-07
-5.320000e-07
-5.220000e-07
-5.120000e-07
-5.020000e-07
-4.920000e-07
-4.820000e-07
-4.720000e-07
-4.620000e-07
-4.520000e-07
-4.420000e-07
-4.320000e-07
-4.220000e-07
-4.120000e-07
-4.020000e-07
-3.920000e-07
-3.820000e-07
-3.720000e-07
-3.620000e-07
-3.520000e-07
-3.420000e-07
-3.320000e-07
-3.220000e-07
-3.120000e-07
-3.020000e-07
-2.920000e-07
-2.820000e-07
-2.720000e-07
-2.620000e-07
-2.520000e-07
-2.420000e-07
-2.320000e-07
-2.220000e-07
-2.120000e-07
-2.020000e-07
-1.920000e-07
-1.820000e-07
-1.720000e-07
-1.620000e-07
-1.520000e-07
-1.420000e-07
-1.320000e-07
-1.220000e-07
-1.120000e-07
-1.020000e-07
-9.200000e-08
-8.200000e-08
-7.200000e-08
-6.200000e-08
-5.200000e-08
-4.200000e-08
-3.200000e-08
-2.200000e-08
-1.200000e-08
-2.000000e-09
8.000000e-09
1.800000e-08
2.800000e-08
3.800000e-08
4.800000e-08
5.800000e-08
6.800000e-08
7.800000e-08
8.800000e-08
9.800000e-08
1.080000e-07
1.180000e-07
1.280000e-07
1.380000e-07
1.480000e-07
1.580000e-07
1.680000e-07
1.780000e-07
1.880000e-07
1.980000e-07
2.080000e-07
2.180000e-07
2.280000e-07
2.380000e-07
2.480000e-07
2.580000e-07
2.680000e-07
2.780000e-07
2.880000e-07
2.980000e-07
3.080000e-07
3.180000e-07
3.280000e-07
3.380000e-07
3.480000e-07
3.580000e-07
3.680000e-07
3.780000e-07
3.880000e-07
3.980000e-07
4.080000e-07
4.180000e-07
4.280000e-07
4.380000e-07
4.480000e-07
4.580000e-07
4.680000e-07
4.780000e-07
4.880000e-07
4.980000e-07
5.080000e-07
5.180000e-07
5.280000e-07
5.380000e-07
5.480000e-07
5.580000e-07
5.680000e-07
5.780000e-07
5.880000e-07
5.980000e-07
6.080000e-07
6.180000e-07
6.280000e-07
6.380000e-07
6.480000e-07
6.580000e-07
6.680000e-07
6.780000e-07
6.880000e-07
6.980000e-07
7.080000e-07
7.180000e-07
7.280000e-07
7.380000e-07
7.480000e-07
7.580000e-07
7.680000e-07
7.780000e-07
7.880000e-07
7.980000e-07
8.080000e-07
8.180000e-07
8.280000e-07
8.380000e-07
8.480000e-07
8.580000e-07
8.680000e-07
8.780000e-07
8.880000e-07
8.980000e-07
9.080000e-07
9.180000e-07
9.280000e-07
9.380000e-07
9.480000e-07
9.580000e-07
9.680000e-07
9.780000e-07
9.880000e-07
9.980000e-07
1.008000e-06
1.018000e-06
1.028000e-06
1.038000e-06
1.048000e-06
1.058000e-06
1.068000e-06
1.078000e-06
1.088000e-06
1.098000e-06
