-8.920000e-07
-8.880000e-07
-8.840000e-07
-8.800000e-07
-8.760000e-07
-8.720000e-07
-8.680000e-07
-8.640000e-07
-8.600000e-07
-8.560000e-07
-8.520000e-07
-8.480000e-07
-8.440000e-07
-8.400000e-07
-8.360000e-07
-8.320000e-07
-8.280000e-07
-8.240000e-07
-8.200000e-07
-8.160000e-07
-8.120000e-07
-8.080000e-07
-8.040000e-07
-8.000000e-07
-7.960000e-07
-7.920000e-07
-7.880000e-07
-7.840000e-07
-7.800000e-07
-7.760000e-07
-7.720000e-07
-7.680000e-07
-7.640000e-07
-7.600000e-07
-7.560000e-07
-7.520000e-07
-7.480000e-07
-7.440000e-07
-7.400000e-07
-7.360000e-07
-7.320000e-07
-7.280000e-07
-7.240000e-07
-7.200000e-07
-7.160000e-07
-7.120000e-07
-7.080000e-07
-7.040000e-07
-7.000000e-07
-6.960000e-07
-6.920000e-07
-6.880000e-07
-6.840000e-07
-6.800000e-07
-6.760000e-07
-6.720000e-07
-6.680000e-07
-6.640000e-07
-6.600000e-07
-6.560000e-07
-6.520000e-07
-6.480000e-07
-6.440000e-07
-6.400000e-07
-6.360000e-07
-6.320000e-07
-6.280000e-07
-6.240000e-07
-6.200000e-07
-6.160000e-07
-6.120000e-07
-6.080000e-07
-6.040000e-07
-6.000000e-07
-5.960000e-07
-5.920000e-07
-5.880000e-07
-5.840000e-07
-5.800000e-07
-5.760000e-07
-5.720000e-07
-5.680000e-07
-5.640000e-07
-5.600000e-07
-5.560000e-07
-5.520000e-07
-5.480000e-07
-5.440000e-07
-5.400000e-07
-5.360000e-07
-5.320000e-07
-5.280000e-07
-5.240000e-07
-5.200000e-07
-5.160000e-07
-5.120000e-07
-5.080000e-07
-5.040000e-07
-5.000000e-07
-4.960000e-07
-4.920000e-07
-4.880000e-07
-4.840000e-07
-4.800000e-07
-4.760000e-07
-4.720000e-07
-4.680000e-07
-4.640000e-07
-4.600000e-07
-4.560000e-07
-4.520000e-07
-4.480000e-07
-4.440000e-07
-4.400000e-07
-4.360000e-07
-4.320000e-07
-4.280000e-07
-4.240000e-07
-4.200000e-07
-4.160000e-07
-4.120000e-07
-4.080000e-07
-4.040000e-07
-4.000000e-07
-3.960000e-07
-3.920000e-07
-3.880000e-07
-3.840000e-07
-3.800000e-07
-3.760000e-07
-3.720000e-07
-3.680000e-07
-3.640000e-07
-3.600000e-07
-3.560000e-07
-3.520000e-07
-3.480000e-07
-3.440000e-07
-3.400000e-07
-3.360000e-07
-3.320000e-07
-3.280000e-07
-3.240000e-07
-3.200000e-07
-3.160000e-07
-3.120000e-07
-3.080000e-07
-3.040000e-07
-3.000000e-07
-2.960000e-07
-2.920000e-07
-2.880000e-07
-2.840000e-07
-2.800000e-07
-2.760000e-07
-2.720000e-07
-2.680000e-07
-2.640000e-07
-2.600000e-07
-2.560000e-07
-2.520000e-07
-2.480000e-07
-2.440000e-07
-2.400000e-07
-2.360000e-07
-2.320000e-07
-2.280000e-07
-2.240000e-07
-2.200000e-07
-2.160000e-07
-2.120000e-07
-2.080000e-07
-2.040000e-07
-2.000000e-07
-1.960000e-07
-1.920000e-07
-1.880000e-07
-1.840000e-07
-1.800000e-07
-1.760000e-07
-1.720000e-07
-1.680000e-07
-1.640000e-07
-1.600000e-07
-1.560000e-07
-1.520000e-07
-1.480000e-07
-1.440000e-07
-1.400000e-07
-1.360000e-07
-1.320000e-07
-1.280000e-07
-1.240000e-07
-1.200000e-07
-1.160000e-07
-1.120000e-07
-1.080000e-07
-1.040000e-07
-1.000000e-07
-9.600000e-08
-9.200000e-08
-8.800000e-08
-8.400000e-08
-8.000000e-08
-7.600000e-08
-7.200000e-08
-6.800000e-08
-6.400000e-08
-6.000000e-08
-5.600000e-08
-5.200000e-08
-4.800000e-08
-4.400000e-08
-4.000000e-08
-3.600000e-08
-3.200000e-08
-2.800000e-08
-2.400000e-08
-2.000000e-08
-1.600000e-08
-1.200000e-08
-8.000000e-09
-4.000000e-09
0.000000e+00
6.960000e-07
7.000000e-07
7.040000e-07
7.080000e-07
7.120000e-07
7.160000e-07
7.200000e-07
7.240000e-07
7.280000e-07
7.320000e-07
7.360000e-07
7.400000e-07
7.440000e-07
7.480000e-07
7.520000e-07
7.560000e-07
7.600000e-07
7.640000e-07
7.680000e-07
7.720000e-07
7.760000e-07
7.800000e-07
7.840000e-07
7.880000e-07
7.920000e-07
7.960000e-07
8.000000e-07
8.040000e-07
8.080000e-07
8.120000e-07
8.160000e-07
8.200000e-07
8.240000e-07
8.280000e-07
8.320000e-07
8.360000e-07
8.400000e-07
8.440000e-07
8.480000e-07
8.520000e-07
8.560000e-07
8.600000e-07
8.640000e-07
8.680000e-07
8.720000e-07
8.760000e-07
8.800000e-07
8.840000e-07
8.880000e-07
8.920000e-07
8.960000e-07
9.000000e-07
9.040000e-07
9.080000e-07
9.120000e-07
9.160000e-07
9.200000e-07
9.240000e-07
9.280000e-07
9.320000e-07
9.360000e-07
9.400000e-07
9.440000e-07
9.480000e-07
9.520000e-07
9.560000e-07
9.600000e-07
9.640000e-07
9.680000e-07
9.720000e-07
9.760000e-07
9.800000e-07
9.840000e-07
9.880000e-07
9.920000e-07
9.960000e-07
1.000000e-06
1.004000e-06
1.008000e-06
1.012000e-06
1.016000e-06
1.020000e-06
1.024000e-06
1.028000e-06
1.032000e-06
1.036000e-06
1.040000e-06
1.044000e-06
1.048000e-06
1.052000e-06
1.056000e-06
1.060000e-06
1.064000e-06
1.068000e-06
1.072000e-06
1.076000e-06
1.080000e-06
1.084000e-06
1.088000e-06
1.092000e-06
1.096000e-06
1.100000e-06
1.104000e-06
1.108000e-06
1.112000e-06
1.116000e-06
1.120000e-06
1.124000e-06
1.128000e-06
1.132000e-06
1.136000e-06
1.140000e-06
1.144000e-06
1.148000e-06
1.152000e-06
1.156000e-06
1.160000e-06
1.164000e-06
1.168000e-06
1.172000e-06
1.176000e-06
1.180000e-06
1.184000e-06
1.188000e-06
1.192000e-06
1.196000e-06
1.200000e-06
1.204000e-06
1.208000e-06
1.212000e-06
1.216000e-06
1.220000e-06
1.224000e-06
1.228000e-06
1.232000e-06
1.236000e-06
1.240000e-06
1.244000e-06
1.248000e-06
1.252000e-06
1.256000e-06
1.260000e-06
1.264000e-06
1.268000e-06
1.272000e-06
1.276000e-06
1.280000e-06
1.284000e-06
1.288000e-06
1.292000e-06
1.296000e-06
1.300000e-06
1.304000e-06
1.308000e-06
1.312000e-06
1.316000e-06
1.320000e-06
1.324000e-06
1.328000e-06
1.332000e-06
1.336000e-06
1.340000e-06
1.344000e-06
1.348000e-06
1.352000e-06
1.356000e-06
1.360000e-06
1.364000e-06
1.368000e-06
1.372000e-06
1.376000e-06
1.380000e-06
1.384000e-06
1.388000e-06
1.392000e-06
1.396000e-06
1.400000e-06
1.404000e-06
1.408000e-06
1.412000e-06
1.416000e-06
1.420000e-06
1.424000e-06
1.428000e-06
1.432000e-06
1.436000e-06
1.440000e-06
1.444000e-06
1.448000e-06
1.452000e-06
1.456000e-06
1.460000e-06
1.464000e-06
1.468000e-06
1.472000e-06
1.476000e-06
1.480000e-06
1.484000e-06
1.488000e-06
1.492000e-06
1.496000e-06
1.500000e-06
1.504000e-06
1.508000e-06
1.512000e-06
1.516000e-06
1.520000e-06
1.524000e-06
1.528000e-06
1.532000e-06
1.536000e-06
1.540000e-06
1.544000e-06
1.548000e-06
1.552000e-06
1.556000e-06
1.560000e-06
1.564000e-06
1.568000e-06
1.572000e-06
1.576000e-06
1.580000e-06
1.584000e-06
1.588000e-06
1.592000e-06
1.596000e-06
1.600000e-06
1.604000e-06
1.608000e-06
1.612000e-06
1.616000e-06
1.620000e-06
1.624000e-06
1.628000e-06
1.632000e-06
1.636000e-06
1.640000e-06
1.644000e-06
1.648000e-06
1.652000e-06
1.656000e-06
1.660000e-06
1.664000e-06
1.668000e-06
1.672000e-06
1.676000e-06
1.680000e-06
1.684000e-06
1.688000e-06
1.692000e-06
1.696000e-06
1.700000e-06
1.704000e-06
1.708000e-06
1.712000e-06
1.716000e-06
1.720000e-06
1.724000e-06
1.728000e-06
1.732000e-06
1.736000e-06
1.740000e-06
1.744000e-06
1.748000e-06
1.752000e-06
1.756000e-06
1.760000e-06
1.764000e-06
1.768000e-06
1.772000e-06
1.776000e-06
1.780000e-06
1.784000e-06
1.788000e-06
1.792000e-06
1.796000e-06
