in field2dyna, verbose 0
in dynaField verbose 0
calling readExpData
getting times
num points 500
getting voltages
index 223 max voltage 3.681500e-01
min time -8.920000e-07 max time 1.104000e-06
sampling 100000000
diff 1.996000e-06
step size 1.000000e-08 numSteps 200
times
-8.920000e-07
-8.880000e-07
-8.840000e-07
-8.800000e-07
-8.760000e-07
-8.720000e-07
-8.680000e-07
-8.640000e-07
-8.600000e-07
-8.560000e-07
-8.520000e-07
-8.480000e-07
-8.440000e-07
-8.400000e-07
-8.360000e-07
-8.320000e-07
-8.280000e-07
-8.240000e-07
-8.200000e-07
-8.160000e-07
-8.120000e-07
-8.080000e-07
-8.040000e-07
-8.000000e-07
-7.960000e-07
-7.920000e-07
-7.880000e-07
-7.840000e-07
-7.800000e-07
-7.760000e-07
-7.720000e-07
-7.680000e-07
-7.640000e-07
-7.600000e-07
-7.560000e-07
-7.520000e-07
-7.480000e-07
-7.440000e-07
-7.400000e-07
-7.360000e-07
-7.320000e-07
-7.280000e-07
-7.240000e-07
-7.200000e-07
-7.160000e-07
-7.120000e-07
-7.080000e-07
-7.040000e-07
-7.000000e-07
-6.960000e-07
-6.920000e-07
-6.880000e-07
-6.840000e-07
-6.800000e-07
-6.760000e-07
-6.720000e-07
-6.680000e-07
-6.640000e-07
-6.600000e-07
-6.560000e-07
-6.520000e-07
-6.480000e-07
-6.440000e-07
-6.400000e-07
-6.360000e-07
-6.320000e-07
-6.280000e-07
-6.240000e-07
-6.200000e-07
-6.160000e-07
-6.120000e-07
-6.080000e-07
-6.040000e-07
-6.000000e-07
-5.960000e-07
-5.920000e-07
-5.880000e-07
-5.840000e-07
-5.800000e-07
-5.760000e-07
-5.720000e-07
-5.680000e-07
-5.640000e-07
-5.600000e-07
-5.560000e-07
-5.520000e-07
-5.480000e-07
-5.440000e-07
-5.400000e-07
-5.360000e-07
-5.320000e-07
-5.280000e-07
-5.240000e-07
-5.200000e-07
-5.160000e-07
-5.120000e-07
-5.080000e-07
-5.040000e-07
-5.000000e-07
-4.960000e-07
-4.920000e-07
-4.880000e-07
-4.840000e-07
-4.800000e-07
-4.760000e-07
-4.720000e-07
-4.680000e-07
-4.640000e-07
-4.600000e-07
-4.560000e-07
-4.520000e-07
-4.480000e-07
-4.440000e-07
-4.400000e-07
-4.360000e-07
-4.320000e-07
-4.280000e-07
-4.240000e-07
-4.200000e-07
-4.160000e-07
-4.120000e-07
-4.080000e-07
-4.040000e-07
-4.000000e-07
-3.960000e-07
-3.920000e-07
-3.880000e-07
-3.840000e-07
-3.800000e-07
-3.760000e-07
-3.720000e-07
-3.680000e-07
-3.640000e-07
-3.600000e-07
-3.560000e-07
-3.520000e-07
-3.480000e-07
-3.440000e-07
-3.400000e-07
-3.360000e-07
-3.320000e-07
-3.280000e-07
-3.240000e-07
-3.200000e-07
-3.160000e-07
-3.120000e-07
-3.080000e-07
-3.040000e-07
-3.000000e-07
-2.960000e-07
-2.920000e-07
-2.880000e-07
-2.840000e-07
-2.800000e-07
-2.760000e-07
-2.720000e-07
-2.680000e-07
-2.640000e-07
-2.600000e-07
-2.560000e-07
-2.520000e-07
-2.480000e-07
-2.440000e-07
-2.400000e-07
-2.360000e-07
-2.320000e-07
-2.280000e-07
-2.240000e-07
-2.200000e-07
-2.160000e-07
-2.120000e-07
-2.080000e-07
-2.040000e-07
-2.000000e-07
-1.960000e-07
-1.920000e-07
-1.880000e-07
-1.840000e-07
-1.800000e-07
-1.760000e-07
-1.720000e-07
-1.680000e-07
-1.640000e-07
-1.600000e-07
-1.560000e-07
-1.520000e-07
-1.480000e-07
-1.440000e-07
-1.400000e-07
-1.360000e-07
-1.320000e-07
-1.280000e-07
-1.240000e-07
-1.200000e-07
-1.160000e-07
-1.120000e-07
-1.080000e-07
-1.040000e-07
-1.000000e-07
-9.600000e-08
-9.200000e-08
-8.800000e-08
-8.400000e-08
-8.000000e-08
-7.600000e-08
-7.200000e-08
-6.800000e-08
-6.400000e-08
-6.000000e-08
-5.600000e-08
-5.200000e-08
-4.800000e-08
-4.400000e-08
-4.000000e-08
-3.600000e-08
-3.200000e-08
-2.800000e-08
-2.400000e-08
-2.000000e-08
-1.600000e-08
-1.200000e-08
-8.000000e-09
-4.000000e-09
0.000000e+00
4.000000e-09
8.000000e-09
1.200000e-08
1.600000e-08
2.000000e-08
2.400000e-08
2.800000e-08
3.200000e-08
3.600000e-08
4.000000e-08
4.400000e-08
4.800000e-08
5.200000e-08
5.600000e-08
6.000000e-08
6.400000e-08
6.800000e-08
7.200000e-08
7.600000e-08
8.000000e-08
8.400000e-08
8.800000e-08
9.200000e-08
9.600000e-08
1.000000e-07
1.040000e-07
1.080000e-07
1.120000e-07
1.160000e-07
1.200000e-07
1.240000e-07
1.280000e-07
1.320000e-07
1.360000e-07
1.400000e-07
1.440000e-07
1.480000e-07
1.520000e-07
1.560000e-07
1.600000e-07
1.640000e-07
1.680000e-07
1.720000e-07
1.760000e-07
1.800000e-07
1.840000e-07
1.880000e-07
1.920000e-07
1.960000e-07
2.000000e-07
2.040000e-07
2.080000e-07
2.120000e-07
2.160000e-07
2.200000e-07
2.240000e-07
2.280000e-07
2.320000e-07
2.360000e-07
2.400000e-07
2.440000e-07
2.480000e-07
2.520000e-07
2.560000e-07
2.600000e-07
2.640000e-07
2.680000e-07
2.720000e-07
2.760000e-07
2.800000e-07
2.840000e-07
2.880000e-07
2.920000e-07
2.960000e-07
3.000000e-07
3.040000e-07
3.080000e-07
3.120000e-07
3.160000e-07
3.200000e-07
3.240000e-07
3.280000e-07
3.320000e-07
3.360000e-07
3.400000e-07
3.440000e-07
3.480000e-07
3.520000e-07
3.560000e-07
3.600000e-07
3.640000e-07
3.680000e-07
3.720000e-07
3.760000e-07
3.800000e-07
3.840000e-07
3.880000e-07
3.920000e-07
3.960000e-07
4.000000e-07
4.040000e-07
4.080000e-07
4.120000e-07
4.160000e-07
4.200000e-07
4.240000e-07
4.280000e-07
4.320000e-07
4.360000e-07
4.400000e-07
4.440000e-07
4.480000e-07
4.520000e-07
4.560000e-07
4.600000e-07
4.640000e-07
4.680000e-07
4.720000e-07
4.760000e-07
4.800000e-07
4.840000e-07
4.880000e-07
4.920000e-07
4.960000e-07
5.000000e-07
5.040000e-07
5.080000e-07
5.120000e-07
5.160000e-07
5.200000e-07
5.240000e-07
5.280000e-07
5.320000e-07
5.360000e-07
5.400000e-07
5.440000e-07
5.480000e-07
5.520000e-07
5.560000e-07
5.600000e-07
5.640000e-07
5.680000e-07
5.720000e-07
5.760000e-07
5.800000e-07
5.840000e-07
5.880000e-07
5.920000e-07
5.960000e-07
6.000000e-07
6.040000e-07
6.080000e-07
6.120000e-07
6.160000e-07
6.200000e-07
6.240000e-07
6.280000e-07
6.320000e-07
6.360000e-07
6.400000e-07
6.440000e-07
6.480000e-07
6.520000e-07
6.560000e-07
6.600000e-07
6.640000e-07
6.680000e-07
6.720000e-07
6.760000e-07
6.800000e-07
6.840000e-07
6.880000e-07
6.920000e-07
6.960000e-07
7.000000e-07
7.040000e-07
7.080000e-07
7.120000e-07
7.160000e-07
7.200000e-07
7.240000e-07
7.280000e-07
7.320000e-07
7.360000e-07
7.400000e-07
7.440000e-07
7.480000e-07
7.520000e-07
7.560000e-07
7.600000e-07
7.640000e-07
7.680000e-07
7.720000e-07
7.760000e-07
7.800000e-07
7.840000e-07
7.880000e-07
7.920000e-07
7.960000e-07
8.000000e-07
8.040000e-07
8.080000e-07
8.120000e-07
8.160000e-07
8.200000e-07
8.240000e-07
8.280000e-07
8.320000e-07
8.360000e-07
8.400000e-07
8.440000e-07
8.480000e-07
8.520000e-07
8.560000e-07
8.600000e-07
8.640000e-07
8.680000e-07
8.720000e-07
8.760000e-07
8.800000e-07
8.840000e-07
8.880000e-07
8.920000e-07
8.960000e-07
9.000000e-07
9.040000e-07
9.080000e-07
9.120000e-07
9.160000e-07
9.200000e-07
9.240000e-07
9.280000e-07
9.320000e-07
9.360000e-07
9.400000e-07
9.440000e-07
9.480000e-07
9.520000e-07
9.560000e-07
9.600000e-07
9.640000e-07
9.680000e-07
9.720000e-07
9.760000e-07
9.800000e-07
9.840000e-07
9.880000e-07
9.920000e-07
9.960000e-07
1.000000e-06
1.004000e-06
1.008000e-06
1.012000e-06
1.016000e-06
1.020000e-06
1.024000e-06
1.028000e-06
1.032000e-06
1.036000e-06
1.040000e-06
1.044000e-06
1.048000e-06
1.052000e-06
1.056000e-06
1.060000e-06
1.064000e-06
1.068000e-06
1.072000e-06
1.076000e-06
1.080000e-06
1.084000e-06
1.088000e-06
1.092000e-06
1.096000e-06
1.100000e-06
1.104000e-06
volts
8.491104e-05
1.095342e-02
8.491104e-05
8.491104e-05
8.491104e-05
8.491104e-05
1.095342e-02
1.095342e-02
1.095342e-02
1.095342e-02
1.095342e-02
1.095342e-02
1.095342e-02
1.095342e-02
1.095342e-02
8.491104e-05
1.095342e-02
8.491104e-05
1.095342e-02
8.491104e-05
1.095342e-02
1.095342e-02
8.491104e-05
1.095342e-02
1.095342e-02
1.095342e-02
1.095342e-02
1.095342e-02
1.095342e-02
1.095342e-02
1.095342e-02
1.095342e-02
1.095342e-02
1.095342e-02
8.491104e-05
8.491104e-05
8.491104e-05
8.491104e-05
8.491104e-05
8.491104e-05
8.491104e-05
1.095342e-02
8.491104e-05
1.095342e-02
8.491104e-05
8.491104e-05
8.491104e-05
8.491104e-05
8.491104e-05
8.491104e-05
1.095342e-02
1.095342e-02
1.095342e-02
1.095342e-02
1.095342e-02
1.095342e-02
1.095342e-02
1.095342e-02
1.095342e-02
1.095342e-02
1.095342e-02
1.095342e-02
8.491104e-05
8.491104e-05
8.491104e-05
8.491104e-05
1.095342e-02
1.095342e-02
1.095342e-02
1.095342e-02
8.491104e-05
1.095342e-02
8.491104e-05
1.095342e-02
8.491104e-05
1.095342e-02
8.491104e-05
8.491104e-05
8.491104e-05
8.491104e-05
8.491104e-05
1.095342e-02
1.095342e-02
8.491104e-05
1.095342e-02
1.095342e-02
8.491104e-05
8.491104e-05
8.491104e-05
1.095342e-02
1.095342e-02
1.095342e-02
1.095342e-02
2.182208e-02
1.095342e-02
1.095342e-02
1.095342e-02
1.095342e-02
1.095342e-02
2.182208e-02
1.095342e-02
1.095342e-02
1.095342e-02
1.095342e-02
1.095342e-02
8.491104e-05
8.491104e-05
1.095342e-02
1.095342e-02
8.491104e-05
1.095342e-02
1.095342e-02
1.095342e-02
1.095342e-02
1.095342e-02
1.095342e-02
1.095342e-02
1.095342e-02
1.095342e-02
1.095342e-02
8.491104e-05
8.491104e-05
1.095342e-02
1.095342e-02
1.095342e-02
1.095342e-02
1.095342e-02
1.095342e-02
1.095342e-02
8.491104e-05
8.491104e-05
8.491104e-05
8.491104e-05
8.491104e-05
8.491104e-05
8.491104e-05
1.095342e-02
8.491104e-05
8.491104e-05
8.491104e-05
1.095342e-02
1.095342e-02
1.095342e-02
1.095342e-02
1.095342e-02
2.182208e-02
2.182208e-02
2.182208e-02
2.182208e-02
1.095342e-02
1.095342e-02
1.095342e-02
1.095342e-02
1.095342e-02
8.491104e-05
8.491104e-05
8.491104e-05
8.491104e-05
8.491104e-05
-1.078365e-02
-1.078365e-02
-1.078365e-02
-1.078365e-02
-1.078365e-02
-1.078365e-02
-1.078365e-02
-1.078365e-02
-1.078365e-02
-1.078365e-02
-1.078365e-02
-1.078365e-02
8.491104e-05
-1.078365e-02
8.491104e-05
8.491104e-05
8.491104e-05
1.095342e-02
1.095342e-02
1.095342e-02
2.182208e-02
3.269048e-02
4.355833e-02
6.529675e-02
8.703518e-02
9.790303e-02
1.305093e-01
1.413772e-01
1.631129e-01
1.848513e-01
2.065897e-01
2.283254e-01
2.283254e-01
2.283254e-01
2.174576e-01
1.957191e-01
1.739834e-01
1.196387e-01
6.529675e-02
8.491104e-05
-7.599620e-02
-1.629445e-01
-2.498927e-01
-3.368464e-01
-4.237946e-01
-4.890126e-01
-5.542034e-01
-6.085563e-01
-6.411517e-01
-6.629091e-01
-6.411517e-01
-6.194214e-01
-5.542034e-01
-4.455249e-01
-3.368464e-01
-1.846802e-01
-2.165232e-02
1.522450e-01
3.261442e-01
5.000407e-01
6.522070e-01
7.826158e-01
8.913215e-01
9.565123e-01
1.000000e+00
1.000000e+00
9.674046e-01
8.913215e-01
7.934809e-01
6.630721e-01
5.109059e-01
3.370094e-01
1.522450e-01
-3.252207e-02
-2.064186e-01
-3.585767e-01
-4.998778e-01
-6.194214e-01
-7.063697e-01
-7.715877e-01
-8.041831e-01
-8.259405e-01
-8.150482e-01
-7.824528e-01
-7.172348e-01
-6.194214e-01
-4.998778e-01
-3.694418e-01
-2.172864e-01
-7.599620e-02
6.529675e-02
1.739834e-01
2.826565e-01
3.696048e-01
4.239576e-01
4.565802e-01
4.783105e-01
4.783105e-01
4.565802e-01
4.239576e-01
3.913622e-01
3.478745e-01
2.935488e-01
2.391933e-01
1.739834e-01
1.196387e-01
6.529675e-02
2.182208e-02
-1.078365e-02
-4.338992e-02
-6.512563e-02
-8.686405e-02
-1.086025e-01
-1.086025e-01
-1.086025e-01
-1.086025e-01
-1.086025e-01
-9.773190e-02
-9.773190e-02
-9.773190e-02
-8.686405e-02
-8.686405e-02
-7.599620e-02
-7.599620e-02
-6.512563e-02
-7.599620e-02
-6.512563e-02
-5.425778e-02
-5.425778e-02
-4.338992e-02
-3.252207e-02
-2.165232e-02
8.491104e-05
1.095342e-02
2.182208e-02
3.269048e-02
4.355833e-02
5.442890e-02
6.529675e-02
7.616461e-02
8.703518e-02
8.703518e-02
8.703518e-02
8.703518e-02
7.616461e-02
7.616461e-02
6.529675e-02
5.442890e-02
4.355833e-02
3.269048e-02
2.182208e-02
1.095342e-02
1.095342e-02
8.491104e-05
-1.078365e-02
-1.078365e-02
-2.165232e-02
-3.252207e-02
-3.252207e-02
-3.252207e-02
-3.252207e-02
-3.252207e-02
-3.252207e-02
-2.165232e-02
-2.165232e-02
-2.165232e-02
-1.078365e-02
8.491104e-05
8.491104e-05
8.491104e-05
1.095342e-02
1.095342e-02
1.095342e-02
1.095342e-02
1.095342e-02
8.491104e-05
8.491104e-05
8.491104e-05
1.095342e-02
8.491104e-05
1.095342e-02
1.095342e-02
1.095342e-02
1.095342e-02
2.182208e-02
2.182208e-02
2.182208e-02
1.095342e-02
2.182208e-02
3.269048e-02
3.269048e-02
2.182208e-02
2.182208e-02
2.182208e-02
2.182208e-02
2.182208e-02
2.182208e-02
1.095342e-02
1.095342e-02
1.095342e-02
8.491104e-05
8.491104e-05
8.491104e-05
8.491104e-05
-1.078365e-02
-1.078365e-02
-1.078365e-02
-1.078365e-02
-1.078365e-02
-1.078365e-02
-1.078365e-02
-1.078365e-02
8.491104e-05
8.491104e-05
1.095342e-02
1.095342e-02
3.269048e-02
3.269048e-02
3.269048e-02
3.269048e-02
3.269048e-02
3.269048e-02
3.269048e-02
3.269048e-02
3.269048e-02
2.182208e-02
2.182208e-02
2.182208e-02
2.182208e-02
2.182208e-02
1.095342e-02
8.491104e-05
8.491104e-05
8.491104e-05
8.491104e-05
-1.078365e-02
-1.078365e-02
-1.078365e-02
-1.078365e-02
-1.078365e-02
-1.078365e-02
-1.078365e-02
8.491104e-05
1.095342e-02
1.095342e-02
2.182208e-02
2.182208e-02
2.182208e-02
2.182208e-02
3.269048e-02
2.182208e-02
2.182208e-02
2.182208e-02
2.182208e-02
2.182208e-02
2.182208e-02
1.095342e-02
1.095342e-02
1.095342e-02
1.095342e-02
8.491104e-05
8.491104e-05
8.491104e-05
8.491104e-05
8.491104e-05
-1.078365e-02
-1.078365e-02
8.491104e-05
8.491104e-05
8.491104e-05
8.491104e-05
8.491104e-05
1.095342e-02
8.491104e-05
1.095342e-02
1.095342e-02
1.095342e-02
1.095342e-02
1.095342e-02
1.095342e-02
1.095342e-02
1.095342e-02
1.095342e-02
2.182208e-02
1.095342e-02
1.095342e-02
1.095342e-02
8.491104e-05
8.491104e-05
8.491104e-05
1.095342e-02
1.095342e-02
1.095342e-02
1.095342e-02
1.095342e-02
1.095342e-02
1.095342e-02
1.095342e-02
1.095342e-02
8.491104e-05
8.491104e-05
8.491104e-05
8.491104e-05
8.491104e-05
1.095342e-02
1.095342e-02
1.095342e-02
1.095342e-02
1.095342e-02
2.182208e-02
1.095342e-02
1.095342e-02
1.095342e-02
1.095342e-02
1.095342e-02
1.095342e-02
1.095342e-02
1.095342e-02
1.095342e-02
1.095342e-02
1.095342e-02
1.095342e-02
1.095342e-02
1.095342e-02
1.095342e-02
1.095342e-02
1.095342e-02
1.095342e-02
1.095342e-02
1.095342e-02
1.095342e-02
1.095342e-02
1.095342e-02
1.095342e-02
1.095342e-02
8.491104e-05
8.491104e-05
8.491104e-05
8.491104e-05
1.095342e-02
1.095342e-02
new times
-8.920000e-07
-8.820000e-07
-8.720000e-07
-8.620000e-07
-8.520000e-07
-8.420000e-07
-8.320000e-07
-8.220000e-07
-8.120000e-07
-8.020000e-07
-7.920000e-07
-7.820000e-07
-7.720000e-07
-7.620000e-07
-7.520000e-07
-7.420000e-07
-7.320000e-07
-7.220000e-07
-7.120000e-07
-7.020000e-07
-6.920000e-07
-6.820000e-07
-6.720000e-07
-6.620000e-07
-6.520000e-07
-6.420000e-07
-6.320000e-07
-6.220000e-07
-6.120000e-07
-6.020000e-07
-5.920000e-07
-5.820000e-07
-5.720000e-07
-5.620000e-07
-5.520000e-07
-5.420000e-07
-5.320000e-07
-5.220000e-07
-5.120000e-07
-5.020000e-07
-4.920000e-07
-4.820000e-07
-4.720000e-07
-4.620000e-07
-4.520000e-07
-4.420000e-07
-4.320000e-07
-4.220000e-07
-4.120000e-07
-4.020000e-07
-3.920000e-07
-3.820000e-07
-3.720000e-07
-3.620000e-07
-3.520000e-07
-3.420000e-07
-3.320000e-07
-3.220000e-07
-3.120000e-07
-3.020000e-07
-2.920000e-07
-2.820000e-07
-2.720000e-07
-2.620000e-07
-2.520000e-07
-2.420000e-07
-2.320000e-07
-2.220000e-07
-2.120000e-07
-2.020000e-07
-1.920000e-07
-1.820000e-07
-1.720000e-07
-1.620000e-07
-1.520000e-07
-1.420000e-07
-1.320000e-07
-1.220000e-07
-1.120000e-07
-1.020000e-07
-9.200000e-08
-8.200000e-08
-7.200000e-08
-6.200000e-08
-5.200000e-08
-4.200000e-08
-3.200000e-08
-2.200000e-08
-1.200000e-08
-2.000000e-09
8.000000e-09
1.800000e-08
2.800000e-08
3.800000e-08
4.800000e-08
5.800000e-08
6.800000e-08
7.800000e-08
8.800000e-08
9.800000e-08
1.080000e-07
1.180000e-07
1.280000e-07
1.380000e-07
1.480000e-07
1.580000e-07
1.680000e-07
1.780000e-07
1.880000e-07
1.980000e-07
2.080000e-07
2.180000e-07
2.280000e-07
2.380000e-07
2.480000e-07
2.580000e-07
2.680000e-07
2.780000e-07
2.880000e-07
2.980000e-07
3.080000e-07
3.180000e-07
3.280000e-07
3.380000e-07
3.480000e-07
3.580000e-07
3.680000e-07
3.780000e-07
3.880000e-07
3.980000e-07
4.080000e-07
4.180000e-07
4.280000e-07
4.380000e-07
4.480000e-07
4.580000e-07
4.680000e-07
4.780000e-07
4.880000e-07
4.980000e-07
5.080000e-07
5.180000e-07
5.280000e-07
5.380000e-07
5.480000e-07
5.580000e-07
5.680000e-07
5.780000e-07
5.880000e-07
5.980000e-07
6.080000e-07
6.180000e-07
6.280000e-07
6.380000e-07
6.480000e-07
6.580000e-07
6.680000e-07
6.780000e-07
6.880000e-07
6.980000e-07
7.080000e-07
7.180000e-07
7.280000e-07
7.380000e-07
7.480000e-07
7.580000e-07
7.680000e-07
7.780000e-07
7.880000e-07
7.980000e-07
8.080000e-07
8.180000e-07
8.280000e-07
8.380000e-07
8.480000e-07
8.580000e-07
8.680000e-07
8.780000e-07
8.880000e-07
8.980000e-07
9.080000e-07
9.180000e-07
9.280000e-07
9.380000e-07
9.480000e-07
9.580000e-07
9.680000e-07
9.780000e-07
9.880000e-07
9.980000e-07
1.008000e-06
1.018000e-06
1.028000e-06
1.038000e-06
1.048000e-06
1.058000e-06
1.068000e-06
1.078000e-06
1.088000e-06
1.098000e-06
error calling readExpData
in field2dyna, call to dynaField failed
Multi-core mutexs have been initialized 
gaussian-2.000000e-07
-1.960000e-07
-1.920000e-07
-1.880000e-07
-1.840000e-07
-1.800000e-07
-1.760000e-07
-1.720000e-07
-1.680000e-07
-1.640000e-07
-1.600000e-07
-1.560000e-07
-1.520000e-07
-1.480000e-07
-1.440000e-07
-1.400000e-07
-1.360000e-07
-1.320000e-07
-1.280000e-07
