-8.920000e-07
-8.880000e-07
-8.840000e-07
-8.800000e-07
-8.760000e-07
-8.720000e-07
-8.680000e-07
-8.640000e-07
-8.600000e-07
-8.560000e-07
-8.520000e-07
-8.480000e-07
-8.440000e-07
-8.400000e-07
-8.360000e-07
-8.320000e-07
-8.280000e-07
-8.240000e-07
-8.200000e-07
-8.160000e-07
-8.120000e-07
-8.080000e-07
-8.040000e-07
-8.000000e-07
-7.960000e-07
-7.920000e-07
-7.880000e-07
-7.840000e-07
-7.800000e-07
-7.760000e-07
-7.720000e-07
-7.680000e-07
-7.640000e-07
-7.600000e-07
-7.560000e-07
-7.520000e-07
-7.480000e-07
-7.440000e-07
-7.400000e-07
-7.360000e-07
-7.320000e-07
-7.280000e-07
-7.240000e-07
-7.200000e-07
-7.160000e-07
-7.120000e-07
-7.080000e-07
-7.040000e-07
-7.000000e-07
-6.960000e-07
-6.920000e-07
-6.880000e-07
-6.840000e-07
-6.800000e-07
-6.760000e-07
-6.720000e-07
-6.680000e-07
-6.640000e-07
-6.600000e-07
-6.560000e-07
-6.520000e-07
-6.480000e-07
-6.440000e-07
-6.400000e-07
-6.360000e-07
-6.320000e-07
-6.280000e-07
-6.240000e-07
-6.200000e-07
-6.160000e-07
-6.120000e-07
-6.080000e-07
-6.040000e-07
-6.000000e-07
-5.960000e-07
-5.920000e-07
-5.880000e-07
-5.840000e-07
-5.800000e-07
-5.760000e-07
-5.720000e-07
-5.680000e-07
-5.640000e-07
-5.600000e-07
-5.560000e-07
-5.520000e-07
-5.480000e-07
-5.440000e-07
-5.400000e-07
-5.360000e-07
-5.320000e-07
-5.280000e-07
-5.240000e-07
-5.200000e-07
-5.160000e-07
-5.120000e-07
-5.080000e-07
-5.040000e-07
-5.000000e-07
-4.960000e-07
-4.920000e-07
-4.880000e-07
-4.840000e-07
-4.800000e-07
-4.760000e-07
-4.720000e-07
-4.680000e-07
-4.640000e-07
-4.600000e-07
-4.560000e-07
-4.520000e-07
-4.480000e-07
-4.440000e-07
-4.400000e-07
-4.360000e-07
-4.320000e-07
-4.280000e-07
-4.240000e-07
-4.200000e-07
-4.160000e-07
-4.120000e-07
-4.080000e-07
-4.040000e-07
-4.000000e-07
-3.960000e-07
-3.920000e-07
-3.880000e-07
-3.840000e-07
-3.800000e-07
-3.760000e-07
-3.720000e-07
-3.680000e-07
-3.640000e-07
-3.600000e-07
-3.560000e-07
-3.520000e-07
-3.480000e-07
-3.440000e-07
-3.400000e-07
-3.360000e-07
-3.320000e-07
-3.280000e-07
-3.240000e-07
-3.200000e-07
-3.160000e-07
-3.120000e-07
-3.080000e-07
-3.040000e-07
-3.000000e-07
-2.960000e-07
-2.920000e-07
-2.880000e-07
-2.840000e-07
-2.800000e-07
-2.760000e-07
-2.720000e-07
-2.680000e-07
-2.640000e-07
-2.600000e-07
-2.560000e-07
-2.520000e-07
-2.480000e-07
-2.440000e-07
-2.400000e-07
-2.360000e-07
-2.320000e-07
-2.280000e-07
-2.240000e-07
-2.200000e-07
-2.160000e-07
-2.120000e-07
-2.080000e-07
-2.040000e-07
-2.000000e-07
-1.960000e-07
-1.920000e-07
-1.880000e-07
-1.840000e-07
-1.800000e-07
-1.760000e-07
-1.720000e-07
-1.680000e-07
-1.640000e-07
-1.600000e-07
-1.560000e-07
-1.520000e-07
-1.480000e-07
-1.440000e-07
-1.400000e-07
-1.360000e-07
-1.320000e-07
-1.280000e-07
-1.240000e-07
-1.200000e-07
-1.160000e-07
-1.120000e-07
-1.080000e-07
-1.040000e-07
-1.000000e-07
-9.600000e-08
-9.200000e-08
-8.800000e-08
-8.400000e-08
-8.000000e-08
-7.600000e-08
-7.200000e-08
-6.800000e-08
-6.400000e-08
-6.000000e-08
-5.600000e-08
-5.200000e-08
-4.800000e-08
-4.400000e-08
-4.000000e-08
-3.600000e-08
-3.200000e-08
-2.800000e-08
-2.400000e-08
-2.000000e-08
-1.600000e-08
-1.200000e-08
-8.000000e-09
-4.000000e-09
0.000000e+00
4.000000e-09
8.000000e-09
1.200000e-08
1.600000e-08
2.000000e-08
2.400000e-08
2.800000e-08
3.200000e-08
3.600000e-08
4.000000e-08
4.400000e-08
4.800000e-08
5.200000e-08
5.600000e-08
6.000000e-08
6.400000e-08
6.800000e-08
7.200000e-08
7.600000e-08
8.000000e-08
8.400000e-08
8.800000e-08
9.200000e-08
9.600000e-08
1.000000e-07
1.040000e-07
1.080000e-07
1.120000e-07
1.160000e-07
1.200000e-07
1.240000e-07
1.280000e-07
1.320000e-07
1.360000e-07
1.400000e-07
1.440000e-07
1.480000e-07
1.520000e-07
1.560000e-07
1.600000e-07
1.640000e-07
1.680000e-07
1.720000e-07
1.760000e-07
1.800000e-07
1.840000e-07
1.880000e-07
1.920000e-07
1.960000e-07
2.000000e-07
2.040000e-07
2.080000e-07
2.120000e-07
2.160000e-07
2.200000e-07
2.240000e-07
2.280000e-07
2.320000e-07
2.360000e-07
2.400000e-07
2.440000e-07
2.480000e-07
2.520000e-07
2.560000e-07
2.600000e-07
2.640000e-07
2.680000e-07
2.720000e-07
2.760000e-07
2.800000e-07
2.840000e-07
2.880000e-07
2.920000e-07
2.960000e-07
3.000000e-07
3.040000e-07
3.080000e-07
3.120000e-07
3.160000e-07
3.200000e-07
3.240000e-07
3.280000e-07
3.320000e-07
3.360000e-07
3.400000e-07
3.440000e-07
3.480000e-07
3.520000e-07
3.560000e-07
3.600000e-07
3.640000e-07
3.680000e-07
3.720000e-07
3.760000e-07
3.800000e-07
3.840000e-07
3.880000e-07
3.920000e-07
3.960000e-07
4.000000e-07
4.040000e-07
4.080000e-07
4.120000e-07
4.160000e-07
4.200000e-07
4.240000e-07
4.280000e-07
4.320000e-07
4.360000e-07
4.400000e-07
4.440000e-07
4.480000e-07
4.520000e-07
4.560000e-07
4.600000e-07
4.640000e-07
4.680000e-07
4.720000e-07
4.760000e-07
4.800000e-07
4.840000e-07
4.880000e-07
4.920000e-07
4.960000e-07
5.000000e-07
5.040000e-07
5.080000e-07
5.120000e-07
5.160000e-07
5.200000e-07
5.240000e-07
5.280000e-07
5.320000e-07
5.360000e-07
5.400000e-07
5.440000e-07
5.480000e-07
5.520000e-07
5.560000e-07
5.600000e-07
5.640000e-07
5.680000e-07
5.720000e-07
5.760000e-07
5.800000e-07
5.840000e-07
5.880000e-07
5.920000e-07
5.960000e-07
6.000000e-07
6.040000e-07
6.080000e-07
6.120000e-07
6.160000e-07
6.200000e-07
6.240000e-07
6.280000e-07
6.320000e-07
6.360000e-07
6.400000e-07
6.440000e-07
6.480000e-07
6.520000e-07
6.560000e-07
6.600000e-07
6.640000e-07
6.680000e-07
6.720000e-07
6.760000e-07
6.800000e-07
6.840000e-07
6.880000e-07
6.920000e-07
6.960000e-07
7.000000e-07
7.040000e-07
7.080000e-07
7.120000e-07
7.160000e-07
7.200000e-07
7.240000e-07
7.280000e-07
7.320000e-07
7.360000e-07
7.400000e-07
7.440000e-07
7.480000e-07
7.520000e-07
7.560000e-07
7.600000e-07
7.640000e-07
7.680000e-07
7.720000e-07
7.760000e-07
7.800000e-07
7.840000e-07
7.880000e-07
7.920000e-07
7.960000e-07
8.000000e-07
8.040000e-07
8.080000e-07
8.120000e-07
8.160000e-07
8.200000e-07
8.240000e-07
8.280000e-07
8.320000e-07
8.360000e-07
8.400000e-07
8.440000e-07
8.480000e-07
8.520000e-07
8.560000e-07
8.600000e-07
8.640000e-07
8.680000e-07
8.720000e-07
8.760000e-07
8.800000e-07
8.840000e-07
8.880000e-07
8.920000e-07
8.960000e-07
9.000000e-07
9.040000e-07
9.080000e-07
9.120000e-07
9.160000e-07
9.200000e-07
9.240000e-07
9.280000e-07
9.320000e-07
9.360000e-07
9.400000e-07
9.440000e-07
9.480000e-07
9.520000e-07
9.560000e-07
9.600000e-07
9.640000e-07
9.680000e-07
9.720000e-07
9.760000e-07
9.800000e-07
9.840000e-07
9.880000e-07
9.920000e-07
9.960000e-07
1.000000e-06
1.004000e-06
1.008000e-06
1.012000e-06
1.016000e-06
1.020000e-06
1.024000e-06
1.028000e-06
1.032000e-06
1.036000e-06
1.040000e-06
1.044000e-06
1.048000e-06
1.052000e-06
1.056000e-06
1.060000e-06
1.064000e-06
1.068000e-06
1.072000e-06
1.076000e-06
1.080000e-06
1.084000e-06
1.088000e-06
1.092000e-06
1.096000e-06
1.100000e-06
1.104000e-06
