8.491104e-05
1.095342e-02
8.491104e-05
8.491104e-05
8.491104e-05
8.491104e-05
1.095342e-02
1.095342e-02
1.095342e-02
1.095342e-02
1.095342e-02
1.095342e-02
1.095342e-02
1.095342e-02
1.095342e-02
8.491104e-05
1.095342e-02
8.491104e-05
1.095342e-02
8.491104e-05
1.095342e-02
1.095342e-02
8.491104e-05
1.095342e-02
1.095342e-02
1.095342e-02
1.095342e-02
1.095342e-02
1.095342e-02
1.095342e-02
1.095342e-02
1.095342e-02
1.095342e-02
1.095342e-02
8.491104e-05
8.491104e-05
8.491104e-05
8.491104e-05
8.491104e-05
8.491104e-05
8.491104e-05
1.095342e-02
8.491104e-05
1.095342e-02
8.491104e-05
8.491104e-05
8.491104e-05
8.491104e-05
8.491104e-05
8.491104e-05
1.095342e-02
1.095342e-02
1.095342e-02
1.095342e-02
1.095342e-02
1.095342e-02
1.095342e-02
1.095342e-02
1.095342e-02
1.095342e-02
1.095342e-02
1.095342e-02
8.491104e-05
8.491104e-05
8.491104e-05
8.491104e-05
1.095342e-02
1.095342e-02
1.095342e-02
1.095342e-02
8.491104e-05
1.095342e-02
8.491104e-05
1.095342e-02
8.491104e-05
1.095342e-02
8.491104e-05
8.491104e-05
8.491104e-05
8.491104e-05
8.491104e-05
1.095342e-02
1.095342e-02
8.491104e-05
1.095342e-02
1.095342e-02
8.491104e-05
8.491104e-05
8.491104e-05
1.095342e-02
1.095342e-02
1.095342e-02
1.095342e-02
2.182208e-02
1.095342e-02
1.095342e-02
1.095342e-02
1.095342e-02
1.095342e-02
2.182208e-02
1.095342e-02
1.095342e-02
1.095342e-02
1.095342e-02
1.095342e-02
8.491104e-05
8.491104e-05
1.095342e-02
1.095342e-02
8.491104e-05
1.095342e-02
1.095342e-02
1.095342e-02
1.095342e-02
1.095342e-02
1.095342e-02
1.095342e-02
1.095342e-02
1.095342e-02
1.095342e-02
8.491104e-05
8.491104e-05
1.095342e-02
1.095342e-02
1.095342e-02
1.095342e-02
1.095342e-02
1.095342e-02
1.095342e-02
8.491104e-05
8.491104e-05
8.491104e-05
8.491104e-05
8.491104e-05
8.491104e-05
8.491104e-05
1.095342e-02
8.491104e-05
8.491104e-05
8.491104e-05
1.095342e-02
1.095342e-02
1.095342e-02
1.095342e-02
1.095342e-02
2.182208e-02
2.182208e-02
2.182208e-02
2.182208e-02
1.095342e-02
1.095342e-02
1.095342e-02
1.095342e-02
1.095342e-02
8.491104e-05
8.491104e-05
8.491104e-05
8.491104e-05
8.491104e-05
-1.078365e-02
-1.078365e-02
-1.078365e-02
-1.078365e-02
-1.078365e-02
-1.078365e-02
-1.078365e-02
-1.078365e-02
-1.078365e-02
-1.078365e-02
-1.078365e-02
-1.078365e-02
8.491104e-05
-1.078365e-02
8.491104e-05
8.491104e-05
8.491104e-05
1.095342e-02
1.095342e-02
1.095342e-02
2.182208e-02
3.269048e-02
4.355833e-02
6.529675e-02
8.703518e-02
9.790303e-02
1.305093e-01
1.413772e-01
1.631129e-01
1.848513e-01
2.065897e-01
2.283254e-01
2.283254e-01
2.283254e-01
2.174576e-01
1.957191e-01
1.739834e-01
1.196387e-01
6.529675e-02
8.491104e-05
-7.599620e-02
-1.629445e-01
-2.498927e-01
-3.368464e-01
-4.237946e-01
-4.890126e-01
-5.542034e-01
-6.085563e-01
-6.411517e-01
-6.629091e-01
-6.411517e-01
-6.194214e-01
-5.542034e-01
-4.455249e-01
-3.368464e-01
-1.846802e-01
-2.165232e-02
1.522450e-01
3.261442e-01
5.000407e-01
6.522070e-01
7.826158e-01
8.913215e-01
9.565123e-01
1.000000e+00
1.000000e+00
9.674046e-01
8.913215e-01
7.934809e-01
6.630721e-01
5.109059e-01
3.370094e-01
1.522450e-01
-3.252207e-02
-2.064186e-01
-3.585767e-01
-4.998778e-01
-6.194214e-01
-7.063697e-01
-7.715877e-01
-8.041831e-01
-8.259405e-01
-8.150482e-01
-7.824528e-01
-7.172348e-01
-6.194214e-01
-4.998778e-01
-3.694418e-01
-2.172864e-01
-7.599620e-02
6.529675e-02
1.739834e-01
2.826565e-01
3.696048e-01
4.239576e-01
4.565802e-01
4.783105e-01
4.783105e-01
4.565802e-01
4.239576e-01
3.913622e-01
3.478745e-01
2.935488e-01
2.391933e-01
1.739834e-01
1.196387e-01
6.529675e-02
2.182208e-02
-1.078365e-02
-4.338992e-02
-6.512563e-02
-8.686405e-02
-1.086025e-01
-1.086025e-01
-1.086025e-01
-1.086025e-01
-1.086025e-01
-9.773190e-02
-9.773190e-02
-9.773190e-02
-8.686405e-02
-8.686405e-02
-7.599620e-02
-7.599620e-02
-6.512563e-02
-7.599620e-02
-6.512563e-02
-5.425778e-02
-5.425778e-02
-4.338992e-02
-3.252207e-02
-2.165232e-02
8.491104e-05
1.095342e-02
2.182208e-02
3.269048e-02
4.355833e-02
5.442890e-02
6.529675e-02
7.616461e-02
8.703518e-02
8.703518e-02
8.703518e-02
8.703518e-02
7.616461e-02
7.616461e-02
6.529675e-02
5.442890e-02
4.355833e-02
3.269048e-02
2.182208e-02
1.095342e-02
1.095342e-02
8.491104e-05
-1.078365e-02
-1.078365e-02
-2.165232e-02
-3.252207e-02
-3.252207e-02
-3.252207e-02
-3.252207e-02
-3.252207e-02
-3.252207e-02
-2.165232e-02
-2.165232e-02
-2.165232e-02
-1.078365e-02
8.491104e-05
8.491104e-05
8.491104e-05
1.095342e-02
1.095342e-02
1.095342e-02
1.095342e-02
1.095342e-02
8.491104e-05
8.491104e-05
8.491104e-05
1.095342e-02
8.491104e-05
1.095342e-02
1.095342e-02
1.095342e-02
1.095342e-02
2.182208e-02
2.182208e-02
2.182208e-02
1.095342e-02
2.182208e-02
3.269048e-02
3.269048e-02
2.182208e-02
2.182208e-02
2.182208e-02
2.182208e-02
2.182208e-02
2.182208e-02
1.095342e-02
1.095342e-02
1.095342e-02
8.491104e-05
8.491104e-05
8.491104e-05
8.491104e-05
-1.078365e-02
-1.078365e-02
-1.078365e-02
-1.078365e-02
-1.078365e-02
-1.078365e-02
-1.078365e-02
-1.078365e-02
8.491104e-05
8.491104e-05
1.095342e-02
1.095342e-02
3.269048e-02
3.269048e-02
3.269048e-02
3.269048e-02
3.269048e-02
3.269048e-02
3.269048e-02
3.269048e-02
3.269048e-02
2.182208e-02
2.182208e-02
2.182208e-02
2.182208e-02
2.182208e-02
1.095342e-02
8.491104e-05
8.491104e-05
8.491104e-05
8.491104e-05
-1.078365e-02
-1.078365e-02
-1.078365e-02
-1.078365e-02
-1.078365e-02
-1.078365e-02
-1.078365e-02
8.491104e-05
1.095342e-02
1.095342e-02
2.182208e-02
2.182208e-02
2.182208e-02
2.182208e-02
3.269048e-02
2.182208e-02
2.182208e-02
2.182208e-02
2.182208e-02
2.182208e-02
2.182208e-02
1.095342e-02
1.095342e-02
1.095342e-02
1.095342e-02
8.491104e-05
8.491104e-05
8.491104e-05
8.491104e-05
8.491104e-05
-1.078365e-02
-1.078365e-02
8.491104e-05
8.491104e-05
8.491104e-05
8.491104e-05
8.491104e-05
1.095342e-02
8.491104e-05
1.095342e-02
1.095342e-02
1.095342e-02
1.095342e-02
1.095342e-02
1.095342e-02
1.095342e-02
1.095342e-02
1.095342e-02
2.182208e-02
1.095342e-02
1.095342e-02
1.095342e-02
8.491104e-05
8.491104e-05
8.491104e-05
1.095342e-02
1.095342e-02
1.095342e-02
1.095342e-02
1.095342e-02
1.095342e-02
1.095342e-02
1.095342e-02
1.095342e-02
8.491104e-05
8.491104e-05
8.491104e-05
8.491104e-05
8.491104e-05
1.095342e-02
1.095342e-02
1.095342e-02
1.095342e-02
1.095342e-02
2.182208e-02
1.095342e-02
1.095342e-02
1.095342e-02
1.095342e-02
1.095342e-02
1.095342e-02
1.095342e-02
1.095342e-02
1.095342e-02
1.095342e-02
1.095342e-02
1.095342e-02
1.095342e-02
1.095342e-02
1.095342e-02
1.095342e-02
1.095342e-02
1.095342e-02
1.095342e-02
1.095342e-02
1.095342e-02
1.095342e-02
1.095342e-02
1.095342e-02
1.095342e-02
8.491104e-05
8.491104e-05
8.491104e-05
8.491104e-05
1.095342e-02
1.095342e-02
